name,geoid,pop,car,public_transportation,taxicab,motorcycle,bicycle,walked,other_means,worked_from_home
New York,35620,20.011812,53.51,27.77,0.78,0.05,0.71,5.53,1.06,10.59
Los Angeles,31080,13.202558,80.13,4.07,0.27,0.21,0.61,2.28,1.18,11.25
Chicago,16980,9.607711,74.23,10.03,0.38,0.05,0.61,2.78,1.01,10.91
Dallas,19100,7.54334,85.27,1.04,0.11,0.1,0.14,1.22,0.97,11.15
Houston,26420,7.048954,86.49,1.85,0.14,0.09,0.26,1.18,1.3,8.69
Washington,47900,6.332069,69.21,10.12,0.45,0.11,0.74,2.88,1.09,15.41
Philadelphia,37980,6.215222,75.33,7.87,0.25,0.06,0.6,3.22,0.96,11.71
Miami,33100,6.105897,84.17,2.62,0.47,0.16,0.49,1.46,1.43,9.21
Atlanta,12060,6.026734,81.38,2.39,0.45,0.09,0.15,1.17,1.14,13.22
Boston,14460,4.91203,68.81,10.75,0.32,0.05,0.94,5.05,1.07,13.02
Phoenix,38060,4.787811,81.87,1.44,0.2,0.32,0.56,1.44,1.21,12.97
San Francisco,41860,4.725584,62.01,13.79,0.47,0.39,1.55,4.3,1.21,16.28
Riverside,40140,4.580402,88.18,1.04,0.05,0.27,0.2,1.34,0.99,7.92
Detroit,19820,4.382832,86.86,1.23,0.19,0.05,0.2,1.33,0.8,9.33
Seattle,42660,3.971125,71.53,7.86,0.16,0.21,0.86,3.58,0.86,14.93
Minneapolis,33460,3.659156,79.51,3.64,0.18,0.09,0.64,2.1,0.76,13.09
San Diego,41740,3.296317,79.97,2.43,0.15,0.45,0.54,2.93,1.08,12.46
Tampa,45300,3.146074,83.07,1.02,0.24,0.2,0.54,1.28,1.2,12.44
Denver,19740,2.936665,77.29,3.32,0.14,0.14,0.77,2.11,0.85,15.39
Baltimore,12580,2.837237,79.86,4.98,0.3,0.07,0.25,2.29,1,11.24
St. Louis,41180,2.815627,85.89,1.7,0.07,0.12,0.19,1.55,0.71,9.77
Orlando,36740,2.632721,85.25,1.25,0.29,0.21,0.36,1.07,1.34,10.24
Charlotte,16740,2.625282,83.13,1.28,0.18,0.08,0.09,1.29,0.86,13.09
San Antonio,41700,2.529453,86.34,1.38,0.13,0.1,0.19,1.57,1.18,9.1
Portland,38900,2.493429,74.6,4.96,0.13,0.16,1.72,3.1,0.9,14.42
Sacramento,40900,2.379368,80.84,1.88,0.11,0.29,1.15,1.62,0.97,13.13
Pittsburgh,38300,2.366544,80.36,4.68,0.08,0.1,0.23,2.99,0.8,10.75
Cincinnati,17140,2.244329,86.51,1.43,0.11,0.05,0.16,1.87,0.73,9.13
Austin,12420,2.2343,78.13,1.46,0.13,0.2,0.57,1.83,0.91,16.77
Las Vegas,29820,2.231147,85.91,2.67,0.2,0.27,0.22,1.34,1.98,7.4
Kansas City,28140,2.176124,86.34,0.75,0.13,0.09,0.15,1.12,0.77,10.65
Columbus,18140,2.12248,83.82,1.33,0.1,0.07,0.28,2.02,0.78,11.6
San Juan,41980,2.096657,89.21,1.73,0.18,0.06,0.13,2.54,1.7,4.44
Indianapolis,26900,2.08999,86.86,0.75,0.09,0.08,0.24,1.44,0.69,9.85
Cleveland,17460,2.084462,85.32,2.4,0.17,0.09,0.25,2.07,0.85,8.84
San Jose,41940,1.995351,76.51,3.33,0.23,0.23,1.38,2.13,0.9,15.28
Nashville,34980,1.960999,85.25,0.79,0.14,0.06,0.13,1.19,0.87,11.57
Virginia Beach,47260,1.791198,86.27,1.38,0.21,0.15,0.29,3.07,1.15,7.47
Providence,39300,1.668019,86.13,2.09,0.17,0.04,0.25,2.72,0.81,7.79
Jacksonville,27260,1.58168,85.02,0.95,0.16,0.24,0.41,1.26,1.47,10.48
Milwaukee,33340,1.571784,84.49,2.5,0.15,0.12,0.37,2.28,0.55,9.54
Oklahoma City,36420,1.412874,89.65,0.37,0.1,0.11,0.26,1.63,0.93,6.95
Raleigh,39580,1.391801,80.21,0.72,0.18,0.07,0.13,1.1,0.76,16.83
Memphis,32820,1.335291,91.79,0.52,0.11,0.03,0.11,0.89,0.81,5.74
Richmond,40060,1.303212,83.89,1.32,0.24,0.08,0.41,1.4,0.78,11.87
Louisville/Jefferson County,31140,1.279554,87.02,1.54,0.08,0.05,0.18,1.45,1,8.69
New Orleans,35380,1.269037,85.73,2.02,0.32,0.12,0.95,2.39,1.06,7.41
Salt Lake City,41620,1.244671,81.24,2.79,0.08,0.19,0.6,1.88,0.68,12.55
Hartford,25540,1.213324,83.6,2.37,0.16,0.04,0.18,2.3,0.73,10.62
Buffalo,15380,1.162523,85.97,2.8,0.16,0.06,0.34,2.5,0.87,7.31
Birmingham,13820,1.109895,89.96,0.44,0.05,0.07,0.1,1.12,0.69,7.58
Rochester,40380,1.088373,85.2,1.67,0.13,0.12,0.42,2.83,0.71,8.92
Grand Rapids,24340,1.081665,87.57,1.28,0.09,0.08,0.36,2.19,0.51,7.92
Tucson,46060,1.035063,83.12,1.72,0.24,0.41,1.19,2.06,0.98,10.29
Urban Honolulu,46520,1.015167,78.61,6.32,0.12,0.61,0.94,5.22,1.81,6.38
Tulsa,46140,1.009982,89.86,0.33,0.08,0.13,0.15,1.26,1.13,7.06
Fresno,23420,1.00315,89.03,0.94,0.06,0.11,0.42,1.47,1.12,6.84
Worcester,49340,0.973361,83.81,1.56,0.36,0.06,0.22,2.58,1.23,10.18
Omaha,36540,0.959306,87.51,0.75,0.1,0.09,0.13,1.66,0.75,9
Bridgeport,14860,0.956446,75.37,8.05,0.35,0.04,0.13,2.49,0.99,12.58
Greenville,24860,0.918166,88.99,0.39,0.14,0.1,0.17,1.43,1.2,7.57
Albuquerque,10740,0.913388,86.17,1.11,0.04,0.22,0.57,1.68,0.82,9.39
Bakersfield,12540,0.905644,91.69,0.57,0.04,0.13,0.23,0.93,0.97,5.44
Albany,10580,0.898265,83.12,3.02,0.24,0.04,0.23,3.15,0.58,9.62
Knoxville,28940,0.873816,88.9,0.46,0.07,0.06,0.09,1.31,0.55,8.55
Baton Rouge,12940,0.867628,91.84,0.77,0.04,0.06,0.3,1.38,0.72,4.89
McAllen,32580,0.865677,87.87,0.25,0.06,0.02,0.15,0.99,3.41,7.25
New Haven,35300,0.864751,83.08,3.11,0.26,0.1,0.43,3.44,0.88,8.69
El Paso,21340,0.863807,89.18,1.17,0.02,0.14,0.12,1.4,2.15,5.82
Allentown,10900,0.857997,86.29,1.39,0.06,0.01,0.15,2.3,1.11,8.68
Oxnard,37100,0.845255,85.65,0.84,0.08,0.23,0.36,1.6,0.53,10.71
Columbia,17900,0.825823,86.8,0.63,0.14,0.14,0.09,4.21,1.25,6.74
North Port,35840,0.82416,85.55,0.47,0.1,0.19,0.5,0.95,0.93,11.32
Dayton,19430,0.811078,88.01,1.43,0.05,0.06,0.21,2.31,0.55,7.37
Charleston,16700,0.789932,86.63,0.72,0.16,0.11,0.57,1.82,0.88,9.11
Greensboro,24660,0.771751,88.61,1.09,0.12,0.13,0.16,1.53,0.84,7.53
Stockton,44700,0.771406,89.68,1.4,0.09,0.18,0.37,1.09,0.6,6.58
Cape Coral,15980,0.752251,85.95,0.55,0.16,0.28,0.69,1.01,1.78,9.57
Boise City,14260,0.750669,84.36,0.26,0.14,0.3,1.13,1.87,0.88,11.05
Colorado Springs,17820,0.747343,83.4,0.59,0.09,0.14,0.35,3.24,0.79,11.41
Little Rock,30780,0.745222,90.92,0.39,0.11,0.12,0.15,1.15,0.86,6.3
Lakeland,29460,0.713148,89.88,0.32,0.11,0.18,0.32,0.89,1.04,7.26
Akron,10420,0.702464,87.67,1.02,0.06,0.06,0.11,1.4,0.67,9.02
Des Moines,19780,0.702036,85.9,0.68,0.25,0.08,0.23,1.67,0.72,10.47
Springfield,44140,0.69916,83.4,2.1,0.09,0.05,0.43,3.95,0.81,9.18
Poughkeepsie,39100,0.694289,81.04,4.73,0.59,0.04,0.14,3.46,0.89,9.1
Ogden,36260,0.687274,85.58,1.35,0.04,0.19,0.31,1.27,0.61,10.64
Madison,31540,0.674506,77.48,3.3,0.18,0.12,1.79,4.94,0.66,11.52
Winston,49180,0.672914,89.45,0.6,0.1,0.09,0.15,1.33,0.71,7.56
Deltona,19660,0.662671,85.96,0.72,0.07,0.3,0.55,1.04,1.23,10.13
Syracuse,45060,0.661106,84.98,1.95,0.29,0.1,0.28,3.71,0.99,7.7
Provo,39340,0.659913,80.41,1.96,0.01,0.29,0.67,3.28,0.55,12.83
Toledo,45780,0.64633,90.24,0.95,0.15,0.11,0.25,2.15,0.65,5.51
Wichita,48620,0.64448,90.9,0.47,0.14,0.16,0.32,1.5,0.94,5.57
Durham,20500,0.642445,78.59,2.62,0.1,0.12,0.65,2.35,1.1,14.48
Augusta,12260,0.607673,90.29,0.59,0.17,0.16,0.12,1.19,1.39,6.08
Palm Bay,37340,0.601573,86.76,0.64,0.19,0.41,0.51,1.06,0.89,9.54
Jackson,27140,0.594756,93.05,0.34,0.02,0.11,0.05,0.93,0.68,4.82
Harrisburg,25420,0.587411,84.06,1.01,0.32,0.11,0.3,3.11,0.95,10.13
Spokane,44060,0.577534,83.43,2.09,0.08,0.15,0.41,2.7,0.79,10.36
Scranton,42540,0.566743,88.15,0.86,0.16,0.03,0.16,2.88,0.75,7.02
Chattanooga,16860,0.55986,88.39,0.6,0.08,0.11,0.14,1.59,0.64,8.46
Modesto,33700,0.550842,90.39,0.7,0.1,0.1,0.34,1.11,0.88,6.38
Lancaster,29540,0.55048,85.72,0.96,0.06,0.13,0.7,3.45,1,7.98
Portland,38860,0.547792,81.19,0.8,0.11,0.12,0.5,4.09,0.71,12.48
Youngstown,49660,0.542459,90.25,0.89,0.28,0.07,0.1,1.71,1.17,5.53
Lansing,29620,0.54173,83.8,1.92,0.11,0.11,0.75,3.06,0.57,9.69
Fayetteville,22220,0.538063,88.46,0.3,0.04,0.08,0.39,1.31,0.41,9
Fayetteville,22180,0.518825,89.54,0.42,0.2,0.13,0.1,3.61,1.06,4.93
Lexington,30460,0.514392,86.62,1.11,0.06,0.06,0.42,2.87,0.82,8.03
Pensacola,37860,0.503173,84.12,0.52,0.27,0.28,0.55,3.19,1.06,10.01
Santa Rosa,42220,0.492498,82.78,1.49,0.16,0.27,0.65,2.31,1.03,11.32
Reno,39900,0.483805,85.09,2.05,0.05,0.26,0.49,2.03,1.72,8.3
Huntsville,26620,0.483366,89.39,0.21,0.02,0.14,0.08,0.72,0.87,8.57
Port St. Lucie,38940,0.482922,88.46,0.27,0.05,0.19,0.41,1.3,1.06,8.26
Lafayette,29180,0.479888,90.56,0.42,0.13,0.05,0.24,1.94,0.86,5.79
Myrtle Beach,34820,0.478654,88.52,0.57,0.29,0.04,0.19,1.06,1.34,8
Springfield,44180,0.472164,89.82,0.66,0.09,0.11,0.26,1.99,0.63,6.44
Visalia,47300,0.470999,92.1,0.48,0.02,0.15,0.19,1.44,0.73,4.89
Killeen,28660,0.467838,89.04,0.42,0.24,0.34,0.12,3.13,0.49,6.22
Asheville,11700,0.465558,85.61,0.47,0.21,0.12,0.13,1.73,0.93,10.81
York,49620,0.454605,89.24,0.71,0.09,0.17,0.19,1.53,0.64,7.43
Vallejo,46700,0.451432,86.79,2.62,0.12,0.29,0.28,1.15,0.68,8.06
Santa Maria,42200,0.447651,79.85,2.33,0.1,0.36,2.65,4,0.66,10.05
Salinas,41500,0.438953,81.11,1.02,0.04,0.14,0.45,2.41,7.68,7.16
Salem,41420,0.430384,84.4,1.36,0.14,0.14,0.8,2.6,0.77,9.78
Mobile,33660,0.430194,92.05,0.39,0.12,0.05,0.06,0.86,0.8,5.67
Reading,39740,0.426967,85.41,1.41,0.3,0.08,0.2,3.18,1.65,7.76
Corpus Christi,18580,0.422194,92.15,1.12,0.07,0.16,0.17,1.18,0.8,4.36
Brownsville,15180,0.420554,90.41,0.44,0.04,0.11,0.13,1.6,1.02,6.25
Manchester,31700,0.420504,84.77,0.79,0.13,0.06,0.21,1.83,0.7,11.52
Fort Wayne,23060,0.415887,90.79,0.72,0.07,0.03,0.36,1.31,0.57,6.16
Gulfport,25060,0.414642,91.51,0.15,0.08,0.18,0.14,2.44,1.18,4.31
Salisbury,41540,0.414424,88.44,0.49,0.44,0.09,0.36,1.65,0.63,7.9
Flint,22420,0.4064,91.09,1.26,0.07,0.09,0.07,1.08,0.59,5.75
Peoria,37900,0.404226,89.87,0.69,0.03,0.04,0.23,2,0.53,6.61
Canton,15940,0.401578,88.59,0.91,0.14,0.07,0.09,1.66,0.96,7.57
Savannah,42340,0.401541,88.32,1.33,0.23,0.12,0.6,1.94,1.31,6.15
Anchorage,11260,0.399352,85.14,1.32,0.17,0.05,0.76,2.42,2.72,7.42
Beaumont,13140,0.397924,95.12,0.35,0.02,0.09,0.08,0.91,0.84,2.59
Shreveport,43340,0.395086,91.82,1.21,0.09,0.06,0.13,0.98,1.34,4.37
Trenton,45940,0.384951,75.89,5.95,0.68,0.03,0.31,3.85,0.5,12.78
Montgomery,33860,0.384791,92.18,0.34,0,0.04,0.09,1.33,0.58,5.44
Davenport,19340,0.384055,90.66,0.76,0.04,0.09,0.19,2.17,0.52,5.58
Tallahassee,45220,0.382747,85.92,1.39,0.06,0.16,0.47,1.95,0.72,9.33
Eugene,21660,0.380532,78.49,2.58,0.04,0.14,2.93,4.23,0.85,10.74
Naples,34940,0.372797,85.99,0.68,0.22,0.13,0.46,0.85,1.44,10.22
Ann Arbor,11460,0.372428,72.64,4.21,0.08,0.08,1.33,6.87,0.6,14.2
Ocala,36100,0.370372,89.65,0.32,0,0.1,0.25,0.53,1.31,7.84
Hickory,25860,0.364877,92.12,0.23,0.06,0.09,0.08,0.76,1.75,4.9
Huntington,26580,0.361177,92.27,0.46,0.03,0.02,0.16,1.97,0.66,4.43
Fort Collins,22660,0.35467,77.07,1.18,0.02,0.2,2.39,2.79,0.92,15.44
Rockford,40420,0.339063,90.81,0.82,0.19,0.13,0.23,1.18,0.63,6.01
Lincoln,30700,0.337906,87.39,0.86,0.1,0.1,0.76,3.16,0.46,7.17
Gainesville,23540,0.336322,83.87,2.36,0.15,0.42,1.8,2.4,0.88,8.13
Boulder,14500,0.328713,66.7,4,0.07,0.15,3.6,3.96,0.73,20.8
Green Bay,24580,0.32659,89.04,0.47,0.07,0.09,0.1,1.83,0.6,7.8
Columbus,17980,0.325657,88.36,0.66,0.44,0.06,0.28,2.24,1.42,6.53
South Bend,43780,0.323681,87.31,0.9,0.22,0.05,0.48,3.46,0.68,6.91
Spartanburg,43900,0.322864,92.08,0.22,0.07,0.15,0.02,1.03,0.75,5.68
Greeley,24540,0.322424,87.11,0.38,0.02,0.18,0.22,1.94,0.65,9.5
Lubbock,31180,0.319432,90.99,0.65,0.07,0.08,0.24,2.18,0.82,4.96
Clarksville,17300,0.316185,90.87,0.53,0.11,0.14,0.16,2.88,1.03,4.26
Roanoke,40220,0.314501,86.58,1.33,0.06,0.09,0.15,2.07,0.91,8.81
Evansville,21780,0.313673,91.49,0.65,0.09,0.11,0.15,1.99,0.86,4.66
Aguadilla,10380,0.311049,91.74,0.44,0,0.01,0.35,3.03,0.7,3.73
Kingsport,28700,0.307215,91.41,0.14,0.07,0.07,0.08,1.29,1.1,5.83
Kennewick,28420,0.299864,90.01,0.6,0.06,0.16,0.21,0.86,0.59,7.5
Utica,46540,0.29263,87.36,1.16,0.15,0.02,0.1,3.44,0.48,7.3
Hagerstown,25180,0.29156,88.73,0.9,0.27,0.03,0.2,1.57,0.76,7.54
Duluth,20260,0.291325,86.4,1.28,0.07,0.1,0.43,4.06,0.62,7.03
Olympia,36500,0.290642,83.24,1.64,0.05,0.27,0.45,1.84,1.11,11.4
Longview,30980,0.285741,93.45,0.08,0,0.07,0.14,1.37,0.66,4.22
Wilmington,48900,0.285139,85.45,0.39,0.16,0.08,0.35,1.39,0.34,11.85
San Luis Obispo,42020,0.282771,80.91,0.82,0.06,0.35,1.44,4.85,0.64,10.93
Crestview,18880,0.282686,87.71,0.39,0.12,0.21,0.63,1.53,0.93,8.49
Merced,32900,0.27915,88.08,0.59,0,0.1,0.4,2.32,3.91,4.6
Waco,47380,0.275105,90.89,0.52,0.05,0.06,0.12,1.92,0.76,5.68
Cedar Rapids,16300,0.274901,87.28,0.31,0.05,0.05,0.32,1.85,0.72,9.42
Atlantic City,12100,0.273865,84.35,4.16,0.35,0.08,0.38,3.54,1.31,5.82
Bremerton,14740,0.273072,74.31,7.39,0.11,0.62,0.56,5.35,1.15,10.51
Sioux Falls,43620,0.272414,89.26,0.49,0.03,0.1,0.25,1.95,0.48,7.45
Santa Cruz,42100,0.272138,75.01,1.89,0.07,0.49,2.33,4.44,1.82,13.95
Erie,21500,0.271903,87.56,1.38,0.15,0.14,0.36,3.22,0.9,6.29
Norwich,35980,0.269131,85.45,1.33,0.09,0.25,0.15,2.74,0.69,9.3
Amarillo,11100,0.268306,92.26,0.21,0.05,0.08,0.21,1.43,0.95,4.81
Laredo,29700,0.266963,91.13,1.18,0.01,0.03,0.08,1.51,1.94,4.1
Tuscaloosa,46220,0.265855,92.58,0.77,0.18,0.04,0.18,0.91,0.37,4.98
College Station,17780,0.265621,87.68,1.12,0.04,0.18,1.12,1.72,0.98,7.16
Kalamazoo,28020,0.26128,87.01,1.46,0.06,0.03,0.41,2.7,0.46,7.87
Lynchburg,31340,0.261232,88.39,0.81,0.24,0.06,0.03,2.47,1.21,6.8
Charleston,16620,0.260824,88.86,1.59,0.01,0.02,0.09,2.96,0.67,5.79
Yakima,49420,0.255151,92.41,0.18,0.02,0.21,0.31,1.32,0.75,4.8
Fargo,22020,0.247967,87.77,0.95,0.07,0.1,0.43,2.58,1.23,6.87
Binghamton,13780,0.247158,87.09,2.42,0.31,0.13,0.4,3.27,0.59,5.8
Fort Smith,22900,0.245235,93.05,0.18,0.13,0.07,0.09,1.33,1.13,4.02
Appleton,11540,0.241748,88.52,0.41,0.04,0.09,0.43,2.18,0.64,7.69
Prescott Valley,39150,0.233789,84.95,0.27,0.06,0.21,0.31,3.5,1.18,9.52
Topeka,45820,0.233423,89.46,0.79,0,0.11,0.11,1.51,0.79,7.24
Macon,31420,0.233026,91.24,0.78,0.2,0.16,0.1,1.86,0.72,4.95
Tyler,46340,0.231429,90.46,0.51,0.18,0.18,0.32,0.81,1.44,6.1
Barnstable Town,12700,0.227942,83.5,1.12,0.1,0.1,0.4,2.24,1.06,11.48
Daphne,19300,0.227131,89.64,0.13,0,0.16,0.16,1.18,0.93,7.81
Ponce,38660,0.226358,93.16,0.29,0.12,0.16,0.34,2.39,0.78,2.76
Bellingham,13380,0.224533,82.52,1.94,0,0.11,2.18,3.36,0.87,9.02
Burlington,15540,0.224524,78.13,1.72,0.06,0.03,1.6,5.83,0.62,12.01
Rochester,40340,0.22433,82.17,3.43,0.1,0.07,0.52,3.51,0.8,9.4
Lafayette,29200,0.223366,84.94,2.01,0.03,0.08,0.92,5.19,0.45,6.39
Champaign,16580,0.223247,77.53,4.06,0.08,0.1,1.65,7.25,0.68,8.66
Medford,32780,0.221662,83.93,0.87,0.01,0.53,0.95,2.58,0.74,10.4
Lebanon,30100,0.221009,83.71,0.65,0.02,0.07,0.33,4.16,1.13,9.95
Charlottesville,16820,0.220282,77.01,2.52,0.07,0.26,0.79,4.44,0.89,14.02
Lake Charles,29340,0.218296,92.98,0.24,0.2,0.05,0.06,2,0.86,3.61
Las Cruces,29740,0.218157,88.7,0.38,0,0.25,0.9,1.68,1.01,7.08
Chico,17020,0.217884,83.95,0.72,0.24,0.16,1.73,3.18,0.9,9.11
Hilton Head Island,25940,0.21437,87,0.76,0.13,0.11,0.33,1.75,1.13,8.79
Athens,12020,0.213886,83.15,1.63,0.16,0.18,0.84,3.36,0.82,9.85
Lake Havasu City,29420,0.211274,89.75,0.76,0.41,0.47,0.38,1.08,1.65,5.49
Columbia,17860,0.209714,86.74,0.66,0.2,0.1,0.76,4.41,0.45,6.68
Springfield,44100,0.209102,87.96,0.95,0.25,0.07,0.45,1.38,0.96,7.99
Houma,26380,0.207777,91.67,0.47,0.06,0.03,0.12,1.59,3.03,3.02
Monroe,33740,0.207351,92.42,0.82,0.03,0.04,0.37,1.38,0.8,4.13
Elkhart,21140,0.206314,91.07,0.16,0.26,0.23,1.18,2.02,0.51,4.57
Johnson City,27740,0.206272,90.93,0.37,0.02,0.05,0.05,1.55,1.29,5.75
Yuma,49740,0.202944,91.04,1.28,0.09,0.24,0.35,1.54,0.66,4.8
Gainesville,23580,0.201703,89.51,0.61,0.84,0.1,0.03,1.01,0.61,7.29
Jacksonville,27340,0.201597,83.31,0.37,0.02,0.19,0.16,7.8,1.53,6.61
Florence,22500,0.200709,91.83,0.23,0.33,0.07,0.18,1,0.61,5.76
Hilo,25900,0.200468,85.89,0.78,0.09,0.34,0.38,2.19,0.85,9.49
St. Cloud,41060,0.198725,86.75,1.24,0.24,0.05,0.34,4.05,0.48,6.84
Racine,39540,0.197379,89.29,1.13,0.08,0.17,0.15,0.93,1.78,6.47
Bend,13460,0.194964,79.28,0.35,0.13,0.19,2,2.11,0.92,15.01
Saginaw,40980,0.19054,90.38,0.44,0.15,0,0.33,1.97,0.65,6.08
Warner Robins,47580,0.188999,92.25,0.25,0.09,0.23,0.23,0.9,0.9,5.14
Terre Haute,45460,0.185527,91.32,0.59,0.05,0.13,0.34,3.4,0.67,3.5
Torrington,45860,0.185175,86.55,0.97,0.08,0.08,0.16,2.44,0.75,8.97
Punta Gorda,39460,0.184837,83.73,0.27,0.21,0.31,0.61,1.13,1.73,12.02
Arecibo,11640,0.183384,93.75,0.51,0.04,0,0,0.93,0.28,4.48
Billings,13740,0.182997,88.86,0.95,0.01,0.02,0.4,2.52,0.69,6.55
Redding,39820,0.181935,88.19,0.44,0.05,0.34,0.73,2.32,0.57,7.36
Kingston,28740,0.181862,80.6,2.46,0.24,0.07,0.37,3.45,1.18,11.62
Panama City,37460,0.181384,90.89,0.59,0.11,0.3,0.32,0.95,0.84,6.01
Joplin,27900,0.180693,90.55,0.18,0.02,0.19,0.2,1.58,0.73,6.54
Dover,20100,0.180078,89.77,0.81,0.26,0.07,0.27,2.3,0.69,5.84
El Centro,20940,0.180051,88.07,0.81,0.26,0.14,0.23,2.87,1.48,6.15
Jackson,27180,0.179941,90.75,0.4,0,0.03,0.07,1.24,2.32,5.19
Yuba City,49700,0.179484,90.41,0.74,0.04,0.24,0.2,1.4,0.84,6.12
Bowling Green,14540,0.178398,91.18,0.15,0.04,0.08,0.09,2.97,1.11,4.38
St. George,41100,0.176533,84.98,0.28,0.05,0.26,0.39,1.3,1.02,11.72
Muskegon,34740,0.175633,93.56,0.21,0.08,0.02,0.18,1.12,0.47,4.34
Abilene,10180,0.175241,89.93,0.26,0.02,0.19,0.24,1.85,0.68,6.84
Iowa City,26980,0.174358,77.29,3.58,0.08,0.36,1.57,7.24,0.83,9.05
Auburn,12220,0.172223,90.88,0.61,0.08,0.14,0.21,2.39,0.41,5.28
Midland,33260,0.172177,92.6,0.14,0,0.04,0.22,1.18,0.67,5.15
Bloomington,14010,0.171455,83.42,0.82,0.11,0.07,0.36,4.16,0.52,10.52
Hattiesburg,25620,0.171455,90.51,0.42,0.07,0.07,0.2,1.38,5.27,2.08
Oshkosh,36780,0.171304,88.63,0.58,0.13,0.17,0.69,2.21,0.29,7.29
Eau Claire,20740,0.171083,86.53,0.46,0.13,0.12,0.64,2.45,0.58,9.08
Greenville,24780,0.1706,87.62,1.02,0.14,0.04,0.16,1.98,0.45,8.58
Burlington,15500,0.169185,92.43,0.16,0.02,0.04,0.01,0.69,0.52,6.13
Waterloo,47940,0.168595,87.47,0.34,0.05,0.13,0.36,3.71,0.45,7.49
Coeur d'Alene,17660,0.168317,87.59,0.62,0,0.08,0.37,1.24,0.56,9.55
East Stroudsburg,20700,0.168128,87.27,3.21,0.22,0.03,0,1.61,0.87,6.79
Pueblo,39380,0.167453,92.24,0.54,0.09,0.17,0.31,1.58,0.44,4.63
Blacksburg,13980,0.166156,85.41,2.09,0.02,0.06,0.8,3.85,0.66,7.1
Wausau,48140,0.165975,87.78,0.25,0.18,0.13,0.22,1.95,0.67,8.82
Kahului,27980,0.164568,85.65,2.05,0.1,0.27,0.59,2.56,1.52,7.25
Janesville,27500,0.163522,91.09,0.57,0.08,0.09,0.26,1.58,0.83,5.5
Tupelo,46180,0.163409,95.5,0.1,0.21,0,0.06,0.33,0.68,3.11
Bloomington,14020,0.161469,79.49,2.13,0.11,0.17,1.26,5.79,0.47,10.58
Odessa,36220,0.161258,93.85,0.27,0.08,0.05,0.06,1.57,0.81,3.31
Jackson,27100,0.160765,90.62,0.29,0.02,0.07,0.14,1.8,0.7,6.36
State College,44300,0.158879,75.87,4.83,0.19,0.03,1.61,7.26,0.51,9.71
Sebastian,42680,0.158002,87.24,0.35,0.01,0.35,0.66,0.68,1.01,9.71
Madera,31460,0.156304,86.87,0.59,0,0.34,0.12,1.56,3.69,6.83
Decatur,19460,0.155697,94.82,0.14,0.03,0.12,0.05,0.97,0.45,3.43
Chambersburg,16540,0.155592,89.08,0.21,0.13,0.08,0.22,2.64,1,6.64
Vineland,47220,0.154921,92.06,1.34,0.27,0.06,0.34,1.14,0.69,4.09
Idaho Falls,26820,0.154771,87.15,2.17,0.05,0.11,0.28,1.56,1.02,7.66
Grand Junction,24300,0.154685,83.65,0.67,0.04,0.26,1.1,2.5,1.81,9.97
Elizabethtown,21060,0.154637,91.21,0.34,0.13,0.09,0.19,2.08,0.92,5.05
Niles,35660,0.154263,88.63,0.59,0,0.08,0.22,2.52,0.91,7.05
Monroe,33780,0.154068,91.49,0.26,0,0.01,0.1,1.28,0.82,6.04
Santa Fe,42140,0.153632,83.78,0.68,0.2,0.08,0.48,1.87,0.58,12.34
Concord,18180,0.152983,86.75,0.35,0.08,0.06,0.2,2.43,0.47,9.67
Alexandria,10780,0.152695,88.91,1.8,0.05,0.4,0.15,2.44,2.72,3.54
Traverse City,45900,0.152552,86.13,0.81,0.02,0.04,0.86,1.72,0.75,9.66
Bangor,12620,0.152211,86.03,0.33,0.23,0.17,0.31,3.66,0.88,8.39
Homosassa Springs,26140,0.151888,87.71,0.09,0.27,0.11,0.27,0.76,1.53,9.25
Hanford,25260,0.151887,91.64,0.39,0,0.46,0.21,1.42,0.79,5.09
Jefferson City,27620,0.150956,91.05,0.47,0.03,0.06,0.11,1.63,1.02,5.63
Florence,22520,0.150131,93.84,0.06,0.04,0.1,0.1,1.09,0.67,4.11
Dothan,20020,0.150124,94.84,0.05,0.05,0.17,0.06,0.65,0.66,3.52
London,30940,0.149519,92.9,0.1,0,0.1,0,1.68,0.35,4.88
Albany,10500,0.149298,91.39,0.81,0.05,0.16,0.14,1.36,1.33,4.77
Ottawa,36837,0.148962,92.98,0.14,0.1,0.14,0.26,1.73,0.43,4.21
Sioux City,43580,0.148442,91.55,0.91,0.12,0.05,0.08,2.03,0.34,4.92
Wichita Falls,48660,0.14827099999999999,85.4,0.22,0.01,0.3,0.24,7.14,1.15,5.55
Texarkana,45500,0.147936,94.75,0.33,0,0.15,0.07,0.85,0.82,3.03
Valdosta,46660,0.147256,91.7,0.22,0.06,0.13,0.34,2.57,1.22,3.75
Logan,30860,0.145739,83.86,1.46,0.09,0.26,1.14,3.83,0.48,8.88
Flagstaff,22380,0.144942,78.6,1.62,0.15,0.16,1.65,8.41,0.89,8.53
Rocky Mount,40580,0.144237,90.9,0.66,0.28,0.14,0.01,1.05,1.3,5.66
Pottsville,39060,0.143308,90.86,0.49,0.12,0.07,0.11,3.12,0.86,4.36
Dalton,19140,0.142929,94.88,0.04,0.3,0.13,0.04,0.82,0.41,3.37
Lebanon,30140,0.142486,87.89,0.76,0,0.17,0.09,2.78,0.91,7.41
Morristown,34100,0.141919,92.46,0.23,0,0.08,0.1,0.92,0.49,5.73
Winchester,49020,0.141695,88.93,0.45,0.08,0.12,0.14,1.92,0.48,7.89
Wheeling,48540,0.140333,92.54,0.44,0.06,0.02,0.14,2.2,0.35,4.25
Morgantown,34060,0.139961,84.25,1.43,0.14,0.05,0.14,4.56,0.73,8.7
La Crosse,29100,0.139097,86.53,0.75,0.13,0.09,0.78,3.42,0.7,7.59
Napa,34900,0.138795,84.04,1.31,0.2,0.32,0.95,3,0.97,9.21
Rapid City,39660,0.138268,88.18,0.52,0.02,0.28,0.45,2.72,0.63,7.2
Sumter,44940,0.13715,93.48,0.23,0.05,0.06,0.23,1.66,0.96,3.33
Eureka,21700,0.137014,79.46,1.34,0.14,0.34,0.9,5.88,1.02,10.92
Springfield,44220,0.136032,89.99,0.54,0,0.07,0.13,2.51,0.36,6.39
Harrisonburg,25500,0.135152,87.12,0.52,0.09,0.12,0.87,4.31,0.62,6.34
Battle Creek,12980,0.134207,89.18,0.84,0.08,0.26,0.37,2.86,0.72,5.7
Sherman,43300,0.134205,89.28,0.37,0.03,0.17,0.13,1.53,0.45,8.04
Manhattan,31740,0.134198,83.46,0.2,0.07,0.09,0.78,7.07,0.79,7.55
Carbondale,16060,0.134185,88.8,0.92,0.18,0.27,0.35,2.87,0.5,6.11
Johnstown,27780,0.134048,88.52,0.9,0.21,0.14,0.1,2.77,1.09,6.26
Jonesboro,27860,0.133087,93.51,0.48,0.09,0,0.08,1.4,0.41,4.03
Bismarck,13900,0.132661,91.42,0.1,0.14,0.06,0.22,1.44,0.64,5.98
Hammond,25220,0.132492,93.02,0.12,0,0.02,0.08,1.26,0.73,4.77
Pittsfield,38340,0.129089,83.51,1.26,0.15,0.06,0.4,5.78,0.39,8.45
Mount Vernon,34580,0.128228,86.23,0.54,0.02,0.17,0.36,2.21,0.68,9.78
Jamestown,27460,0.128042,88.43,0.26,0.29,0.11,0.53,4.28,1.18,4.92
The Villages,45540,0.127335,80.68,0.02,0,0.22,1.17,1.79,5.14,10.96
Albany,10540,0.1272,88.46,0.26,0.07,0.07,0.38,2.04,1.2,7.52
Glens Falls,24020,0.127196,88.96,0.56,0.24,0.17,0.39,2.69,0.83,6.16
Lawton,30020,0.127105,84.96,0.78,0.17,0.09,0.24,1.76,1.05,10.96
San Germán,41900,0.125701,91.36,0.7,0,0,0,3.15,0.46,4.33
Cleveland,17420,0.125347,92.54,0.14,0.12,0,0.16,1.49,0.72,4.81
Sierra Vista,43420,0.125092,86.28,0.47,0.39,0.63,0.5,2.74,1.52,7.45
Ames,11180,0.124827,79.56,3.99,0,0.11,1.49,5.54,0.5,8.81
Mansfield,31900,0.124504,92.35,0.74,0.28,0,0.24,1.14,1.11,4.14
Staunton,44420,0.124455,91.57,0.4,0.09,0.15,0.14,1.64,0.42,5.6
Augusta,12300,0.123293,86.32,0.12,0.13,0.2,0.09,3.21,0.47,9.46
Altoona,11020,0.123132,90.4,1.13,0.06,0.02,0.21,2.89,0.62,4.67
New Bern,35100,0.123024,91.23,0.15,0.1,0.17,0.19,1.94,0.9,5.32
Farmington,22140,0.122912,92.58,0.24,0,0.09,0.16,2.31,0.5,4.13
St. Joseph,41140,0.122756,91.75,0.46,0.2,0.14,0.06,1.7,0.82,4.85
San Angelo,41660,0.121994,87.48,0.22,0,0.19,0.3,4.1,1.45,6.25
Wenatchee,48300,0.12113,85.64,0.95,0.01,0.11,0.59,3.02,2.74,6.94
Owensboro,36980,0.12072,93.7,0.27,0,0.04,0.1,1.38,0.73,3.78
Holland,26090,0.119418,90.05,0.3,0.01,0.3,0.31,1.67,0.68,6.69
Lumberton,31300,0.118836,94.54,0.31,0,0.08,0.04,0.78,1.08,3.17
Lawrence,29940,0.11869,81.67,1.99,0.08,0.14,1.15,4.74,0.93,9.31
Goldsboro,24140,0.117692,94.02,0.38,0,0.02,0.14,1.49,0.37,3.57
Watertown,48060,0.117634,85.99,0.55,0.47,0.15,0.09,4.71,1.29,6.75
Sheboygan,43100,0.117528,89.09,0.34,0.04,0.14,0.74,2.21,0.67,6.77
Weirton,48260,0.117446,89.12,0.48,0.01,0.02,0.01,3.5,0.88,5.98
Missoula,33540,0.117379,81.01,1.62,0.1,0.26,3.26,4.09,0.53,9.14
Wooster,49300,0.116858,86.99,0.19,0.37,0.1,1.58,3.71,1.39,5.66
Bozeman,14580,0.116725,78.65,0.43,0.09,0.09,2.13,5.48,0.81,12.33
Anniston,11500,0.116425,94.79,0.62,0,0.03,0,1.08,0.47,3.02
Beckley,13220,0.115985,92.06,0.14,0.03,0,0.06,2.47,1.14,4.1
Williamsport,48700,0.114274,89.16,1.08,0.12,0.02,0.44,3.2,0.48,5.52
Brunswick,15260,0.113736,90.47,0.42,0.41,0.36,0.35,1.06,1.02,5.91
California,15680,0.113209,85.03,1.27,0,0.04,0.36,1.86,0.73,10.7
Twin Falls,46300,0.113209,91.02,0.2,0.17,0.12,0.08,1.38,0.45,6.59
Cookeville,18260,0.112945,93.03,0.03,0.02,0.07,0,1.46,0.32,5.08
Muncie,34620,0.11248,87.67,1.4,0.1,0,0.49,4.21,1.03,5.11
Michigan City,33140,0.112184,91.71,1.06,0,0.08,0.18,1.7,0.45,4.83
Roseburg,40700,0.11068,88.58,0.25,0.04,0.05,0.22,2.36,0.61,7.88
Lewiston,30340,0.110378,85.63,0.23,0.17,0.07,0.19,3.42,0.41,9.86
Longview,31020,0.109457,90.74,0.29,0,0.11,0.51,1.7,0.7,5.95
Ogdensburg,36300,0.108836,86.26,0.2,0.41,0.05,0.09,6.01,0.92,6.07
Kankakee,28100,0.108104,89.78,1.05,0.05,0.01,0.2,2.14,2.05,4.72
Bluefield,14140,0.106785,93.76,0.17,0,0.07,0.01,1.83,0.72,3.44
Show Low,43320,0.106609,85.67,1.21,0,0,0.43,3.7,1.21,7.78
Richmond,40080,0.106351,89.08,0.12,0.14,0.01,0.09,4.38,0.51,5.67
Tullahoma,46100,0.106236,90.88,0.05,0,0.06,0.31,2.23,0.08,6.38
Whitewater,48580,0.105945,87.36,0.36,0.11,0.01,0.36,3.46,0.54,7.81
Ithaca,27060,0.105638,65,6.24,0.13,0.28,1.24,11.93,0.67,14.51
Grand Forks,24220,0.104404,88.38,1.07,0.08,0.1,0.44,4.26,0.6,5.06
Decatur,19500,0.104331,91.04,1.2,0.05,0.07,0.13,1.78,0.48,5.25
LaGrange,29300,0.10431699999999999,94.09,0.16,0.51,0.06,0.03,0.88,1.16,3.1
Bay City,13020,0.10405,90.56,0.54,0.05,0,0.99,1.58,0.53,5.76
Fond du Lac,22540,0.10389,89.85,0.18,0.34,0.15,0.38,2.43,0.81,5.87
Gettysburg,23900,0.103782,88.19,0.26,0,0.19,0.25,3.26,0.38,7.47
Gadsden,23460,0.103468,95.57,0.11,0,0.02,0.02,0.94,0.34,2.99
Kalispell,28060,0.1034,83.26,0.21,0,0.14,0.72,2.54,1.11,12.03
Danville,19260,0.103389,90.76,1.33,0.06,0.22,0.08,1.32,1.84,4.39
Mankato,31860,0.10287,84.26,1.19,0.08,0.08,0.42,3.18,0.87,9.92
Lima,30620,0.102462,92.03,0.6,0.04,0.3,0.21,1.41,1.41,4.01
Salem,41400,0.102331,91.93,0.21,0.5,0.12,0.69,1.89,0.58,4.08
Truckee,46020,0.10209,76.86,0.05,0.02,0.28,0.51,1.85,1.16,19.26
Sebring,42700,0.101174,88.6,1.05,0.06,0.4,0.27,2.42,0.97,6.24
Cheyenne,16940,0.099905,89.92,0.11,0.18,0.14,0.31,1.43,0.86,7.06
Hot Springs,26300,0.099694,92.09,0.3,0.1,0.07,0.01,1.53,1.56,4.34
Adrian,10300,0.099346,89.94,0.25,0,0.25,0.19,2.92,0.46,5.99
Shelby,43140,0.098898,92.81,0,0.01,0.15,0,2.32,0.69,4.02
Mayagüez,32420,0.098768,93.05,1.11,0.02,0,0.31,2.54,0.28,2.68
Dubuque,20220,0.098687,87.78,0.78,0.2,0.07,0.15,2.37,0.43,8.23
Meridian,32940,0.098645,92.44,0.02,0.1,0.05,0.07,1.52,2.37,3.45
Pinehurst,38240,0.098618,85.53,0.18,0.11,0.32,0.07,1.18,3.49,9.13
Paducah,37140,0.098477,92.4,0.43,0.29,0.13,0.14,1.24,0.71,4.64
Victoria,47020,0.098365,90.22,0.93,0.06,0.01,0.32,1.86,0.48,6.12
Rome,40660,0.09821,89.62,0.17,0.37,0,0.2,4.04,0.9,4.7
Sevierville,42940,0.098088,90.26,0.54,0,0.05,0.67,1.48,0.3,6.7
Moses Lake,34180,0.097874,88.12,0.84,0.02,0.28,0.28,1.91,1.02,7.52
Ashtabula,11780,0.097869,92.68,0.3,0.94,0.1,0.06,1.9,0.67,3.36
Cape Girardeau,16020,0.097332,90.43,0.35,0.47,0.12,0.1,1.38,0.67,6.47
Albertville,10700,0.097179,94.44,0.39,0,0.01,0.01,0.42,0.37,4.36
Fairbanks,21820,0.097149,86.98,0.72,0.15,0.11,0.67,4.03,1.33,6.01
Brainerd,14660,0.095796,87,0.43,0,0.08,0.38,2.39,1.2,8.52
Cumberland,19060,0.095729,89.61,0.55,0.12,0.09,0.06,3.46,0.5,5.61
Ocean City,36140,0.095488,86.17,1.39,0.08,0.03,1.36,3.52,1.55,5.9
Corvallis,18700,0.094667,70.07,2.23,0.01,0.16,5.93,7.18,1.11,13.31
Pocatello,38540,0.094216,86.41,0.97,0.04,0.08,0.56,2.9,0.69,8.33
Corning,18500,0.094153,88.95,0.5,0.13,0.05,0.64,3.12,0.73,5.88
New Philadelphia,35420,0.093025,91.05,0.06,0.1,0.07,1.21,1.56,1.03,4.91
Sunbury,44980,0.091853,89.76,0.24,0.15,0.06,0.11,2.81,0.9,5.99
Ukiah,46380,0.091534,82.61,0.22,0,0.18,0.25,6.32,0.73,9.69
Hermiston,25840,0.091473,91.39,0.64,0.13,0.03,0.33,2.06,0.77,4.66
Clarksburg,17220,0.090878,90.34,0.26,0.02,0.02,0.35,2.69,0.62,5.7
Parkersburg,37620,0.089942,91.59,0.69,0.1,0.03,0.18,2.01,0.48,4.91
Beaver Dam,13180,0.089274,90.01,0.08,0.17,0.1,0.14,3.65,0.42,5.42
Pine Bluff,38220,0.088923,93.45,0.4,0,0.03,0,0.98,0.74,4.4
Grants Pass,24420,0.087686,86.23,0.25,0.43,0.1,0.97,2.21,0.94,8.87
Yauco,49500,0.087673,92.95,0.22,0.09,0,0.04,1.8,1.86,3.04
Cullman,18980,0.087129,96.64,0.01,0,0,0,0.8,0.11,2.45
Lufkin,31260,0.086584,92.88,0.33,0,0,0.09,1.19,1.34,4.17
Zanesville,49780,0.086346,92.99,0.26,0.02,0.03,0.04,3.3,0.28,3.08
New Castle,35260,0.086311,88.87,0.77,0.02,0.03,0.03,1.99,0.49,7.79
Oak Harbor,36020,0.085938,82.57,1.74,0,0.74,0.49,3.3,0.6,10.55
Orangeburg,36700,0.084909,93.23,0.09,0,0.01,0.09,1.19,0.75,4.64
Watertown,48020,0.084808,88.68,0.25,0.15,0.05,0.23,3.65,0.68,6.32
Meadville,32740,0.084495,86.76,0.44,0.11,0.05,0.4,5.81,0.71,5.71
Elmira,21300,0.084456,88.91,1.18,0.28,0.51,0.31,3.2,0.57,5.03
Great Falls,24500,0.084178,89.35,0.79,0.06,0.05,0.63,2.68,0.78,5.67
Laurel,29860,0.08378,95.77,0.22,0,0.05,0,1.54,1.28,1.13
Russellville,40780,0.083723,91.87,0.32,0,0.19,0.08,1.51,0.93,5.09
Indiana,26860,0.08362,86.41,0.52,0.01,0.08,0.37,5.68,0.74,6.18
Midland,33220,0.083467,88.97,0.62,0.03,0.03,0.13,1.27,0.57,8.37
Kokomo,29020,0.083349,91.41,0.16,0,0.31,0.27,1.27,0.56,6.03
Bloomsburg,14100,0.083211,87.95,0.34,0.03,0.04,0.13,3.41,0.39,7.7
Opelousas,36660,0.082999,91.58,0.29,0.04,0,0.19,1.96,1.36,4.6
Helena,25740,0.082397,83.49,0.44,0.02,0.31,0.92,4.05,0.68,10.09
Key West,28580,0.082244,75.24,0.29,0.74,1.77,5.67,5.17,2.24,8.88
Talladega,45180,0.08185,93.09,0.18,0.14,0.22,0.41,1.09,1.63,3.25
Stillwater,44660,0.081817,86.08,0.68,0,0.29,0.99,5.16,0.69,6.11
Columbus,18020,0.081759,87.73,0.29,0,0.13,0.39,1.17,0.47,9.82
Athens,11980,0.081717,90.8,0.34,0,0.04,0,1.28,0.56,6.99
Centralia,16500,0.081214,87.98,0.7,0,0.27,0.15,4,0.72,6.18
Manitowoc,31820,0.081103,89,0.53,0.07,0.19,0.52,2.75,0.44,6.5
Hinesville,25980,0.080732,90.32,0.34,0.12,0.07,0.24,3.11,1.07,4.74
DuBois,20180,0.080667,90.15,0.2,0.01,0.12,0.21,2.67,1.03,5.61
Warsaw,47700,0.080151,89.79,0.26,0.27,0.02,0.5,2.47,0.31,6.37
Plattsburgh,38460,0.080095,89.17,0.39,0.44,0,0.22,3.93,0.7,5.16
Statesboro,44340,0.079635,88.46,0.69,0.19,0.22,0.86,2.12,1.38,6.07
Casper,16220,0.079382,90.31,0.57,0,0.09,0.15,1.52,0.61,6.75
Wilson,48980,0.078844,93.38,0.17,0.19,0,0.04,1.39,1.4,3.44
Glenwood Springs,24060,0.078692,74.76,6.88,0,0.09,3.01,4.31,0.76,10.19
Seneca,42860,0.077932,91.42,0.35,0.04,0.07,0,0.83,0.6,6.69
Minot,33500,0.077434,91.37,0.25,0.12,0.35,0.05,1.88,0.65,5.32
Olean,36460,0.077211,88.19,0.53,0.26,0.01,0.26,3.98,0.75,6.02
Chillicothe,17060,0.077205,94.56,0.43,0,0,0.02,1.25,0.43,3.31
Searcy,42620,0.077075,93.15,0.26,0,0.02,0.19,2.2,0.79,3.39
Grand Island,24260,0.076764,93.74,0.23,0,0.13,0.16,1.47,1.18,3.1
Port Angeles,38820,0.076727,82.38,0.97,0,0.3,0.3,4.92,1.24,9.89
Auburn,12180,0.076644,88.03,0.78,0.13,0.15,0.13,3.53,1.65,5.61
Huntsville,26660,0.076506,89.27,0.64,0,0.13,0,2.69,1.09,6.19
Keene,28300,0.076473,84.68,0.17,0.01,0.05,0.45,3.06,1.02,10.54
Heber,25720,0.076184,78.92,1.73,0,0.12,0.35,1.35,1.64,15.88
Quincy,39500,0.075909,90.07,0.47,0.03,0.03,0.2,2.54,0.74,5.93
Sandusky,41780,0.07556,93.42,0.69,0.32,0.19,0.02,0.91,1.03,3.41
Findlay,22300,0.075139,91.05,0.26,0.1,0.08,0.24,1.51,0.61,6.14
Frankfort,23180,0.074965,88.04,0.47,0.03,0.13,0,1.6,0.44,9.28
Danville,19180,0.074953,90.07,0.84,0.15,0.09,0.11,1.76,0.5,6.48
Aberdeen,10140,0.074737,85.84,0.93,0,0.04,0.64,3.96,0.69,7.91
Portsmouth,39020,0.074392,93.25,0.05,0.07,0.15,0.26,1.53,0.45,4.24
Somerset,43740,0.074331,89.77,0.08,0.01,0.08,0.08,2.23,0.95,6.79
Wisconsin Rapids,49220,0.074107,90.33,0.12,0.27,0.08,0.38,2.14,0.56,6.12
Jefferson,27600,0.073839,88.7,0.54,0.49,0.25,0.09,0.4,0.64,8.89
Kapaa,28180,0.073247,86.92,0.91,0,0.23,0.4,2.5,0.61,8.43
Palatka,37260,0.073147,90.17,0.14,0.03,0.18,0.36,1.42,0.54,7.14
Gallup,23700,0.072946,82.01,1.61,0,0,0.11,3.61,0.91,11.75
Hobbs,26020,0.072743,94.83,0.01,0,0.1,0.02,1.26,0.76,3.01
Shawnee,43060,0.072331,91.84,0.07,0.02,0.23,0.19,1.91,0.83,4.91
Fort Payne,22840,0.071554,94.9,0.15,0.01,0.14,0.03,1.17,0.26,3.35
Mount Airy,34340,0.071439,95.09,0.11,0.09,0.03,0.13,0.79,0.35,3.41
Stevens Point,44620,0.070378,83.97,0.53,0.12,0.06,0.72,4.28,0.66,9.66
Greeneville,24620,0.069926,92.43,0.05,0,0.2,0.06,1.06,0.96,5.25
Guayama,25020,0.069802,94.85,0.63,0,0,0,2.6,0.01,1.91
Greenwood,24940,0.069338,96.15,0.26,0.1,0,0,0.87,0.25,2.36
Lake City,29380,0.069265,91.07,0.04,0,0.08,0.08,0.67,1.74,6.32
Klamath Falls,28900,0.068899,89.78,0.33,0.15,0.03,0.3,1.78,0.5,7.13
Morehead City,33980,0.067944,90.15,0.28,0.09,0.3,0.4,1.08,0.99,6.69
Clearlake,17340,0.067749,81.1,0.95,0.02,0.25,0.11,2.49,0.73,14.33
Alamogordo,10460,0.067298,91.99,0.36,0,0.29,0.15,2.46,0.28,4.46
Roanoke Rapids,40260,0.067208,92.71,0.06,0,0.05,0,0.97,1.75,4.46
Farmington,22100,0.067168,92.4,0.2,0.08,0.36,0,1.22,0.8,4.94
Muskogee,34780,0.066881,90.2,0.78,0.03,0.08,0.36,1.26,1.55,5.74
Marion,31980,0.066802,84.25,0.21,0.3,0.11,0.36,7.42,1.03,6.32
Faribault,22060,0.066795,78.18,0.31,0.2,0.14,0.46,3.85,0.82,16.03
Richmond,39980,0.066588,89.32,0.37,0.22,0.05,0.06,3.17,1.69,5.12
Marquette,32100,0.06638,88.19,0.48,0.04,0.1,0.75,5.57,0.35,4.51
North Wilkesboro,35900,0.066335,92.57,0.13,0,0.1,0,0.77,0.51,5.91
Mount Pleasant,34380,0.065623,86.13,0.75,0.01,0,0.79,6.48,0.72,5.13
Rio Grande City,40100,0.065568,86.83,0.11,0,0,0,4.54,1.25,7.27
Marion,32020,0.065515,92.79,0.52,0.19,0.23,0,1.02,0.92,4.34
Baraboo,12660,0.065428,89.25,0.15,0.21,0.04,0.26,2.85,0.96,6.3
Red Bluff,39780,0.065345,91.12,0.25,0,0.26,0.21,1.62,0.27,6.26
Marinette,31940,0.065197,89.95,0.25,0.03,0.16,0.46,2.62,0.78,5.76
Jasper,27530,0.065194,93.8,0.1,0,0.1,0.05,0.82,1.13,4
Roswell,40740,0.065014,93.48,0.52,0.29,0.33,0.35,1.29,0.82,2.92
Shelton,43220,0.064964,88.24,0.91,0.1,0.23,0.04,1.51,0.94,8.03
Dublin,20140,0.064884,96.22,0.07,0,0,0.1,0.51,0.72,2.38
Nacogdoches,34860,0.064822,88.52,0.22,0,0.02,0.23,4.23,1.43,5.35
Somerset,43700,0.064717,95.01,0.35,0,0.02,0.02,1.14,0.53,2.93
Coos Bay,18300,0.064619,85.16,0.23,1.35,0.16,0.59,3.27,2.05,7.21
Forest City,22580,0.064592,92.78,0.09,0,0.41,0.11,0.86,1.31,4.42
Martinsville,32300,0.064553,92.77,0.44,0.2,0,0.03,0.43,1.39,4.74
Rexburg,39940,0.064349,84.56,0.6,0,0.1,0.31,4.8,0.36,9.27
Lewiston,30300,0.064105,89.41,0.44,0,0.32,0.28,2.72,0.69,6.14
Laconia,29060,0.063395,88.47,0.25,0.12,0.16,0.18,2.37,0.46,7.99
Georgetown,23860,0.062992,88.36,0.8,0.3,0.43,0.06,1.47,0.59,8
Athens,11900,0.062933,76.47,0.95,0.01,0.02,1.23,12.75,0.37,8.21
Sanford,41820,0.062676,93.63,0.41,0.41,0.26,0,0.65,0.74,3.9
Enid,21420,0.062628,91.16,0.23,0.13,0.42,0.66,1.12,2.44,3.82
Mount Vernon,34540,0.062399,86.35,0.23,0,0.08,0.24,3.16,1.34,8.59
Walla Walla,47460,0.062168,80.8,0.73,0.09,0.19,1.05,6.54,0.81,9.79
Albemarle,10620,0.062148,92.15,0.07,0,0.42,0,1.13,0.19,6.03
Hutchinson,26740,0.062071,90.79,0.28,0.18,0.25,0.82,1.85,0.77,5.06
Hudson,26460,0.061587,79.84,2.41,0.25,0.08,0.36,3.94,1.53,11.6
Starkville,44260,0.061277,90.4,0.28,0,0.19,0.2,1.32,1.34,6.27
Carlsbad,16100,0.061096,93.9,0.39,0,0.02,0.16,0.46,0.88,4.19
Gillette,23940,0.060834,89.9,1.46,0,0.16,0.26,2.22,0.81,5.19
Sturgis,44780,0.060828,89.49,0.37,0.09,0.36,1.22,2.7,0.82,4.95
Rutland,40860,0.060662,88.21,0.66,0.18,0.04,0.04,3.11,0.4,7.36
Crossville,18900,0.060568,91.21,0.04,0.03,0.04,0.12,1.75,1.44,5.38
Granbury,24180,0.060521,90,0.13,0,0.09,0,0.91,0.72,8.15
Sayre,42380,0.060233,88.01,0.18,0.13,0.15,0.17,4.19,0.59,6.58
Salina,41460,0.060156,90.94,0.41,0.22,0.27,0.3,2.05,1.05,4.76
Marietta,31930,0.059942,90,0.8,0,0.03,0.45,2.75,0.21,5.77
Fergus Falls,22260,0.059728,85.51,0.87,0.01,0.07,0.29,3.29,1.01,8.94
Barre,12740,0.059609,80.02,0.98,0.01,0.03,0.38,5.01,0.5,13.06
Fremont,23380,0.059013,94.32,0.42,0.05,0,0.36,1.31,0.73,2.81
Oneonta,36580,0.058952,83.71,1.09,0.24,0,0.28,7.39,0.58,6.72
Columbus,18060,0.058904,92.73,0,0,0.04,0.11,1.29,0.84,4.98
Norwalk,35940,0.058583,92.72,0.32,0,0.03,0.31,2.26,0.85,3.51
Batavia,12860,0.058387,88.76,0.1,0.11,0.08,0.37,4.23,1.53,4.82
Ardmore,11620,0.058207,93.23,0.35,0,0.22,0.11,1.34,1.37,3.38
Palestine,37300,0.058133,94.64,0.43,0,0.02,0,0.69,0.89,3.34
Fort Madison,22800,0.058123,90.15,0.29,0.07,0,0.42,2.11,0.74,6.22
Charleston,16660,0.05807,87.57,0.2,0.26,0,0.75,5.12,0.25,5.86
Fernley,22280,0.058029,92.32,0.89,0,0.16,0.19,1.78,0.14,4.53
Carson City,16180,0.057957,89.72,1.4,0,0.2,0.14,1.82,1,5.72
Eagle Pass,20580,0.057769,92.24,0.33,0,0,0.36,1.24,1.26,4.57
Calhoun,15660,0.057274,92.31,0.13,0.5,0.03,0.49,0.77,0.35,5.43
Cullowhee,19000,0.057149,89.47,0.29,0.32,0,0.03,3.52,0.87,5.51
Kearney,28260,0.056479,91.89,0.18,0.02,0.02,0.32,2.36,0.58,4.62
Fairmont,21900,0.056256,89.03,0.41,0,0.09,0.04,3.27,1.1,6.07
Ontario,36620,0.056241,88.78,0.14,0,0.12,0.32,4.19,1.07,5.38
Gaffney,23500,0.056204,94.2,0.01,0.25,0,0,0.71,0.53,4.3
Picayune,38100,0.055972,91.94,0,0.08,0,0,1.31,2.13,4.54
Sterling,44580,0.055932,92.35,0.41,0,0,0.65,3.15,0.42,3.02
Branson,14700,0.055854,88.39,0.24,0.18,0.02,0.17,1.64,0.59,8.77
Cedar City,16260,0.055839,87.28,0.18,0,0.28,0.11,2.59,0.41,9.15
Waycross,48180,0.055728,96.28,0.19,0.11,0,0.04,1.01,0.77,1.59
Oxford,37060,0.055727,90.01,1.53,0,0.06,0.37,2.56,0.22,5.25
Jasper,27540,0.055694,94.88,0.1,0,0.19,0.06,1.28,0.29,3.19
Edwards,20780,0.055693,78.97,3.86,0,0.1,0.65,2.98,1.14,12.31
Durango,20420,0.055673,77.08,0.6,0,0.13,2.48,4.69,0.77,14.26
Kinston,28820,0.055344,94.17,0.78,0.23,0.38,0.3,0.98,0.27,2.89
Sonora,43760,0.055243,86.08,0.43,0.01,0.14,0.19,3,0.98,9.17
Tiffin,45660,0.055166,89.71,0.29,0.21,0.32,0.25,4.94,0.87,3.41
Batesville,12900,0.055039,93.06,0.18,0,0.13,0.18,1.91,1.19,3.37
Point Pleasant,38580,0.055036,93.02,0.36,0,0,0.06,1.74,0.34,4.47
Elko,21220,0.055023,80.91,11.12,0.1,0.09,0.07,2.59,1.23,3.9
Danville,19220,0.054783,89.27,0.49,0,0.12,0.15,2.54,0.43,7
Glasgow,23980,0.054552,91.18,0.35,0,0.18,0,1.58,0.98,5.73
St. Marys,41220,0.054256,85.26,0.23,0,0.18,0.56,4.9,0.78,8.09
Boone,14380,0.054077,83.53,1.26,0,0.09,0.3,5.28,0.25,9.28
Warrensburg,47660,0.053889,89.72,0.04,0.11,0.26,0.21,3.35,0.55,5.75
Gloversville,24100,0.053588,91.9,0.36,0.57,0,0.12,2.05,0.8,4.2
Fort Leonard Wood,22780,0.05346,67.54,0.23,0.35,0.54,0.14,24.22,0.63,6.35
Poplar Bluff,38740,0.053346,92.44,0.42,0.22,0.07,0.16,1.11,0.46,5.12
Elizabeth City,21020,0.053242,91.16,0.02,0.5,0.05,0.24,2.1,0.79,5.15
Payson,37740,0.053211,90.9,0.07,0.02,0.21,0.08,1.01,0.38,7.33
Athens,11940,0.053065,94.37,0,0,0.07,0,0.91,0.2,4.44
Enterprise,21460,0.053043,94.26,0.02,0.15,0.54,0.47,0.57,0.88,3.11
Ashland,11740,0.052658,88.44,0.41,0.36,0.31,0.5,3.39,1.41,5.19
Scottsboro,42460,0.052548,93.24,0.1,0,0.02,0.11,1.27,1.47,3.79
Milledgeville,33300,0.052528,92.26,0.39,0.3,0,0.14,0.61,2.2,4.1
Kerrville,28500,0.052411,86.79,0.1,0,0,1.04,2.21,1.11,8.75
Bartlesville,12780,0.052382,92.33,0.11,0,0.18,0.38,1.44,1.02,4.53
Platteville,38420,0.05221,83.09,0.23,0.03,0.63,0.35,6.12,1.05,8.5
Corsicana,18620,0.051908,92.48,0.35,0,0.11,0.13,1.46,0.5,4.96
Greenville,24820,0.051839,91.56,0.22,0,0.14,0.08,2.07,1.14,4.81
Rochelle,40300,0.051787,91.86,0.44,0.03,0.03,0,1.12,1.17,5.36
Alexander City,10760,0.051726,94.07,0.2,0,0,0,1.07,0.7,3.96
Douglas,20060,0.051317,91.99,0.13,0,0.22,0,0.87,5.26,1.53
Oil City,36340,0.05081,89.16,0.26,0,0.01,0.05,3.21,0.64,6.67
Mason City,32380,0.050635,88.97,0.39,0.12,0.25,0.42,2.27,0.78,6.81
Jacksonville,27380,0.050564,90.85,0.26,0,0.06,0.27,0.81,0.29,7.45
Galesburg,23660,0.050193,89.22,0.61,0.07,0.09,0.35,4.68,0.64,4.34
Pahrump,37220,0.050096,86.43,0.81,0,0,0.12,2.94,2.94,6.76
Paris,37580,0.049932,89.41,0.13,0.04,0.25,0.14,3.48,1.6,4.94
Winona,49100,0.049889,83.05,1.45,0,0.01,1.09,5.97,0.82,7.6
Newport,35440,0.049866,83.58,0.46,0.23,0.32,0.38,3.99,0.52,10.52
Morgan City,34020,0.049818,95.26,0.01,0.08,0,0.34,0.79,0.96,2.56
Shelbyville,43180,0.049754,93.26,0.08,0.56,0.03,0,0.48,1.27,4.33
Amsterdam,11220,0.049539,86.93,0.25,1.72,0.17,0.32,2.84,1.3,6.46
Ozark,37120,0.049443,90.83,0.06,0.24,0.69,0,3.64,0.46,4.08
Alice,10860,0.049204,89.76,0.01,0,0.22,0,2.01,0.73,7.27
Gardnerville Ranchos,23820,0.049158,85.76,0.14,0.08,0.11,0.61,1.67,1.89,9.75
Fort Polk South,22860,0.049064,89.17,0,0.07,0.16,0.32,3.18,1.37,5.74
Cañon City,15860,0.049007,87.61,0.11,0,0.15,0.2,1.73,0.55,9.65
Natchez,35020,0.048916,94.05,0.33,0,0,0,1.54,2.02,2.06
New Castle,35220,0.048857,92.5,0.21,0,0.02,0.1,1.22,0.5,5.46
Clovis,17580,0.048716,94.97,0.15,0,0.27,0.57,1.49,0.42,2.13
Norfolk,35740,0.048696,89.7,0.38,0.11,0.14,0.42,2.62,0.59,6.03
Cadillac,15620,0.04859,90.26,0.47,0.01,0.2,0.83,2.56,0.54,5.12
Ruston,40820,0.048415,91.59,0,0,0,0.13,2.17,0.56,5.55
Sidney,43380,0.048307,93.16,0.15,0.08,0.04,0.68,0.79,0.34,4.77
Pullman,39420,0.048197,69.26,3.91,0.1,0.04,1.7,15.65,1.01,8.33
Malone,31660,0.047996,86.59,1.04,0.1,0.05,0.19,4.05,1.35,6.63
Del Rio,19620,0.047767,92.45,0.38,0,0.32,0.55,1.97,2.29,2.04
Blackfoot,13940,0.04754,90.11,2.05,0,0.01,0.04,1.14,0.89,5.76
